-0.936461
 0.998844
 1.065783
 0.998716
 1.065688
 0.999131
 1.064770
 1.000966
 1.060824
 1.012581
 -0.928978
 0.969010
 1.096363
 -1.002082
 1.032377
 1.035675
 -0.937826
 0.966414
 1.092324
 -0.964613
 -0.981517
 1.008788
 -0.917285
 0.939861
 1.112524
 -0.961958
 -0.988796
 1.007959
 -0.916167
 0.952569
 -0.840168
 -1.059827
 -0.890747
 -1.031873
 -0.930331
 0.898731
 1.158262
 -0.976308
 -0.964121
 0.922352
 1.105229
 0.995936
 -0.821885
 -1.078784
 -0.867904
 -1.058511
 -0.903193
 0.826061
 1.247276
 -1.079065
 1.050794
 0.951178
 1.169317
 -0.977806
 -0.894001
 -1.105960
 1.065905
 -0.897552
 -0.976871
 -0.977649
 -0.951136
 -0.980642
 -0.989248
 0.875852
 1.148011
 0.912300
 1.196593
 -0.956953
 -0.909253
 -1.088703
 0.972894
 1.027984
 1.057605
 0.993990
 1.082830
 0.963039
 1.154040
 -0.883314
 -0.987270
 -0.965543
 -0.963242
 -0.974343
 -0.962183
 -0.968980
 -0.975818
 -0.939378
 -1.057814
 0.898215
 1.071108
 1.076907
 -0.788997
 -1.043568
 -0.980012
 0.814781
 1.141600
 1.019819
 -0.756528
 0.623537
 1.402928
 -1.052823
 -0.782744
 -1.251907
 1.110929
 -0.854054
 -1.008711
 0.712097
 1.385371
 -1.123718
 1.088631
 -0.943017
 0.918931
 -0.708085
 -1.054834
 -1.015769
 0.859433
 -0.586574
 -1.234800
 -0.700026
 -1.329306
 1.174134
 -0.993872
 0.962940
 -0.795050
 0.693038
 1.188771
 1.001686
 -0.618485
 -1.200786
 -0.743370
 -1.270889
 1.055339
 -0.795038
 0.593163
 1.444072
 -1.101701
 1.031257
 -0.866931
 0.838797
 -0.667013
 0.550659
 1.310676
 0.841353
 1.145153
 1.060167
 -0.729460
 0.626896
 -0.339644
 -1.413838
 -0.571817
 -1.349155
 -0.580680
 -1.380195
 -0.498103
 -1.584470
 1.384035
 -1.197551
 1.175596
 -1.038311
 1.035079
 -0.902407
 0.893059
 -0.741041
 0.686895
 -0.407628
 -1.312821
 -0.659312
 -1.362027
 1.065661
 -0.774373
 0.559146
 1.317214
 0.766408
 1.381471
 -0.864124
 -0.863276
 -1.242879
 0.964324
 -0.676235
 0.434815
 1.524132
 -1.006982
 0.738023
 1.099345
 1.104979
 -0.547331
 -1.274704
 0.743565
 1.294945
 -0.806333
 0.605396
 -0.197124
 -1.644468
 1.266808
 -0.968913
 0.822123
 -0.455418
 -1.307533
 0.739039
 1.258570
 -0.616558
 -1.158455
 -0.762814
 -1.310651
 0.968270
 -0.682289
 0.533529
 -0.151850
 -1.610577
 1.046859
 0.817387
 1.373007
 -0.729269
 -1.076276
 0.479078
 1.504166
 -0.831526
 -0.892005
 -1.097305
 -0.813039
 -1.129311
 -0.859423
 0.244371
 1.790412
 -1.272014
 1.138649
 -0.936457
 0.883515
 -0.704096
 0.641057
 -0.410143
 0.182135
 1.627203
 -0.798978
 -1.051759
 0.438285
 1.487301
 -0.713193
 -1.083724
 0.406667
 1.593816
 -0.997143
 0.788524
 -0.472347
 0.177441
 1.661794
 -0.856815
 -0.846639
 -1.156331
 -0.705548
 -1.400641
 0.946812
 -0.579657
 0.263611
 1.565238
 -0.736068
 -0.944229
 -1.132355
 0.505336
 1.311000
 0.757475
 1.440853
 -0.792268
 0.444001
 1.255045
 0.985803
 -0.196405
 -1.590838
 0.986631
 -0.452788
 -1.222158
 0.414592
 1.569836
 -0.885009
 0.553193
 1.069845
 1.281964
 -0.710705
 0.529373
 -0.231016
 -0.053245
 1.784211
 -0.795314
 -1.043014
 0.430485
 0.102665
 -1.694765
 -0.263276
 -1.815037
 1.251817
 -0.785715
 -0.668485
 -1.579148
 1.127365
 -0.847028
 0.748786
 -0.527512
 0.408041
 -0.048893
 -1.373942
 -0.815021
 0.125489
 1.668666
 -0.678841
 -1.059429
 0.221336
 1.655512
 -0.750452
 -0.794110
 -1.382472
 0.800881
 -0.319000
 -1.112300
 -1.106986
 0.528965
 -0.036186
 -1.418012
 -0.732365
 -0.041014
 1.861491
 -0.907094
 -0.617599
 -1.578550
 1.011557
 -0.661488
 0.488322
 -0.159753
 -0.179535
 1.874077
 -0.844939
 -0.696559
 -1.477126
 0.859423
 -0.449143
 0.123034
 1.421211
 0.797665
 1.163613
 1.057484
 -0.119819
 -1.423020
 -0.556874
 -1.485632
 0.722147
 -0.080472
 -1.553596
 0.746692
 -0.166995
 -1.247633
 -0.922133
 0.116423
 1.517129
 0.619602
 1.502079
 -0.440329
 -1.226181
 0.311123
 1.303044
 0.983812
 -0.099590
 -0.406612
 2.141602
 -1.194386
 0.855506
 -0.442051
 0.041088
 1.628433
 -0.618857
 0.208249
 0.363485
 -1.878545
 0.844674
 0.891468
 0.301457
 -2.020441
 1.236214
 -0.796984
 0.483535
 0.901365
 1.513395
 -0.700151
 0.341449
 1.044009
 1.370916
 -0.556600
 0.255835
 0.256915
 -1.723137
 0.750359
 -0.151721
 -0.359754
 2.059252
 -1.061699
 0.724260
 -0.269877
 -0.950299
 -1.347927
 0.647144
 -0.233839
 -0.112108
 1.597233
 -0.252438
 -1.427846
 0.464517
 1.001530
 1.373868
 -0.493810
 0.182552
 0.317663
 -1.685270
 0.500226
 1.155011
 0.919713
 1.198188
 0.762260
 1.528070
 -0.609291
 0.323164
 0.048439
 -0.407770
 1.898002
 -0.646159
 -0.007473
 1.687070
 -0.620222
 0.257546
 0.232716
 -1.447838
 -0.694013
 -1.093304
 -1.060612
 0.179025
 0.414253
 -1.687034
 -0.359056
 -1.637545
 0.564026
 0.923229
 1.332695
 -0.131979
 -1.344618
 0.182690
 1.323799
 0.910388
 0.331739
 -1.854293
 0.819162
 -0.199087
 -0.993674
 -1.243735
 0.331822
 0.288207
 -1.613662
 0.352907
 1.203438
 0.884232
 1.287297
 -0.057169
 -1.277832
 -0.741348
 -1.243866
 0.057896
 1.560335
 -0.326466
 -0.241682
 1.715125
 -0.337470
 -1.004527
 -1.098479
 -0.068550
 1.668601
 -0.450120
 0.009592
 0.577444
 -1.874891
 0.612262
 0.805919
 1.506293
 -0.386074
 -0.093236
 1.390413
 0.813774
 1.266230
 0.120892
 -1.589486
 0.464468
 0.181016
 -1.341172
 -0.753788
 -1.109279
 -0.875222
 -1.007579
 -1.038496
 -0.172685
 1.679476
 -0.274788
 -0.978942
 -1.168007
 0.018866
 1.325872
 0.932873
 0.425341
 -1.840852
 0.709643
 -0.209552
 -0.051306
 0.449172
 -0.849238
 2.207154
 -0.854828
 0.432026
 0.009563
 -0.383996
 1.591190
 0.597992
 1.543125
 -0.261143
 -0.271835
 1.530336
 0.630929
 1.519401
 -0.218800
 -0.352222
 1.727356
 -0.336065
 -0.147044
 0.759314
 -1.977062
 0.698575
 -0.038924
 -1.012203
 -1.132409
 -0.643223
 -1.535349
 0.502744
 -0.083723
 -0.123847
 0.518950
 -1.408349
 -0.892005
 -0.223287
 1.360761
 1.055836
 0.103441
 -0.420797
 0.867808
 -1.790332
 -0.440990
 -0.804350
 2.164977
 -0.693005
 0.121290
 1.078715
 1.085484
 1.042131
 0.404056
 -1.532839
 -0.534514
 -1.322629
 -0.746504
 -0.500360
 1.213620
 -2.411018
 1.140131
 -0.668928
 0.481398
 -0.218216
 0.099504
 0.163781
 -0.380833
 1.295181
 1.176744
 0.021464
 -0.333534
 0.786037
 -1.687920
 -0.413601
 -1.558946
 0.248770
 0.432634
 -1.493138
 -0.047269
 1.404773
 0.171117
 -1.245305
 -0.877169
 -0.495242
 1.782584
 -0.174859
 -0.903322
 -1.167385
 -0.680400
 -1.391819
 0.050322
 1.086444
 1.145797
 0.810416
 1.405726
 0.058538
 -1.031136
 -1.139232
 -0.219389
 1.440084
 0.183443
 -0.814457
 2.060849
 -0.575483
 0.230558
 0.105893
 -0.296861
 0.699971
 -1.535303
 -0.179317
 1.581528
 -0.130182
 -0.227321
 0.673329
 -1.464166
 -0.680501
 -1.206031
 -0.356976
 1.679025
 -0.186881
 -0.172630
 0.600778
 -1.331010
 -0.931595
 -0.380827
 1.379935
 0.904277
 0.998411
 1.289446
 0.080682
 -0.360678
 0.670695
 -0.857891
 1.274821
 -2.110135
 0.502400
 0.222235
 -1.175853
 -0.438186
 1.607810
 0.137687
 -1.200379
 -0.369605
 1.452407
 0.715805
 1.363152
 0.325248
 -1.397603
 -0.064630
 0.574502
 -0.855587
 1.332861
 -2.187593
 0.619453
 -0.007919
 -0.720936
 -1.525405
 0.237001
 0.184483
 -0.431821
 1.174540
 1.259719
 0.123796
 -0.367659
 0.649246
 -0.803722
 1.162883
 -1.817988
 -0.320950
 -1.552054
 -0.371961
 -1.675129
 0.268524
 0.203884
 -0.490795
 1.253481
 1.100104
 0.456999
 -1.218675
 -0.950597
 -0.531777
 1.511354
 0.351718
 -1.354746
 -0.190265
 0.760655
 -1.445967
 -0.706139
 -0.835793
 1.882917
 -0.193767
 -0.163885
 0.527560
 -0.784314
 1.516825
 0.792888
 0.870808
 -1.749696
 0.153657
 0.363994
 -0.677954
 1.437813
 0.801385
 1.204441
 0.871793
 1.237590
 0.500171
 -1.338647
 -0.386810
 1.402108
 0.369215
 -0.861415
 1.757869
 0.014009
 -0.435650
 1.158535
 1.174938
 0.400184
 -0.751501
 1.457279
 0.812703
 1.133839
 1.071696
 0.563393
 -0.952382
 1.722183
 0.218469
 -1.089872
 -0.557493
 1.140908
 -1.847032
 0.171483
 0.335378
 -0.642762
 1.384237
 0.548654
 -1.330588
 -0.656927
 -1.334249
 -0.292278
 1.132500
 0.813999
 -1.673530
 0.080852
 0.314518
 -0.450766
 0.684335
 -0.798031
 1.106445
 -1.612970
 -0.257162
 1.168514
 0.905771
 1.269295
 0.394154
 -0.662521
 0.999185
 -1.439370
 -0.759638
 -0.774679
 1.258699
 -1.849090
 0.110292
 0.368719
 -0.626461
 1.224050
 1.051307
 0.705160
 -1.347930
 -0.457586
 1.258296
 0.867134
 1.248532
 0.516306
 -0.884736
 1.562409
 0.385917
 -1.021439
 -1.014949
 -0.879033
 -1.093127
 -0.791611
 -1.241222
 -0.367482
 0.795742
 -1.215958
 -0.942293
 -0.673306
 1.307037
 0.947153
 0.826628
 -1.359333
 -0.688645
 -1.246142
 -0.488416
 1.188899
 0.960185
 1.097289
 0.943819
 1.185741
 0.630361
 -1.122852
 -0.997459
 -0.629796
 1.057025
 -1.511578
 -0.327874
 0.847773
 -1.355981
 -0.453756
 1.074161
 1.180909
 0.549340
 -0.737381
 0.970573
 -1.085953
 1.508990
 0.794692
 0.951602
 -1.205966
 1.726776
 0.304073
 -0.873023
 -0.962750
 1.639438
 0.283251
 -0.586022
 1.089589
 1.102872
 0.910827
 1.202256
 0.694406
 -1.204212
 -0.594603
 0.986556
 -1.188167
 1.694269
 0.288771
 -0.602608
 1.121263
 0.895478
 -1.378075
 -0.602369
 -1.381147
 -0.337065
 0.698594
 -0.997966
 -1.086437
 -0.769146
 -1.252853
 -0.472564
 0.942425
 1.309057
 0.474361
 -0.604208
 0.780652
 -0.808396
 0.964919
 -1.008122
 1.227229
 -1.500062
 -0.394886
 0.781702
 -0.961724
 1.383993
 0.756377
 1.343698
 0.523625
 -0.679682
 0.886978
 -0.969728
 1.306396
 0.903700
 1.094212
 1.017742
 0.999193
 1.135519
 0.738199
 -0.895184
 1.140080
 -1.383993
 -0.527626
 0.914312
 -1.218093
 -0.649720
 0.988574
 -1.227175
 -0.799296
 -1.127015
 -0.715555
 1.175238
 0.848583
 -1.167246
 -0.819519
 -1.133415
 -0.684031
 1.073880
 1.108306
 0.789506
 -0.931762
 1.235300
 0.957805
 0.964071
 -1.206164
 -0.809480
 -1.102746
 -0.834917
 -1.123003
 -0.700834
 0.992813
 -1.198531
 -0.717954
 1.095121
 1.056232
 0.888589
 -1.090242
 -0.955146
 -0.831501
 1.051571
 -1.095524
 1.282194
 -1.440118
 -0.467195
 0.716180
 -0.759232
 0.913046
 -0.946425
 1.183518
 0.967697
 1.078284
 0.934158
 -1.147635
 -0.766837
 1.100134
 0.954606
 -1.169187
 -0.726958
 0.972185
 -1.105237
 -0.829470
 1.140333
 0.968341
 1.081933
 0.998641
 1.007825
 -1.171233
 -0.750992
 1.034802
 1.073461
 0.978937
 1.090770
 0.971529
 1.092283
 0.979959
 1.040066
 -1.180750
 -0.731819
 0.938238
 -1.023735
 -0.910090
 1.126576
 -1.223055
 -0.686860
 0.856341
 -0.850520
 0.967496
 -0.987926
 -1.029799
 -0.818700
 0.955682
 -0.934765
 1.044568
 -1.061157
 -0.929730
 -0.989516
 -0.926620
 1.132910
 0.947121
 1.131976
 0.880952
 -0.881238
 0.980351
 -0.943132
 1.034843
 -1.004881
 1.136168
 0.939348
 -0.964943
 1.112119
 0.971430
 1.099124
 0.933285
 -0.922250
 1.022923
 -1.010452
 -0.939368
 1.095319
 0.958129
 -0.944387
 1.057401
 1.016621
 -1.024020
 -0.906761
 1.024547
 1.056211
 1.000825
 1.071393
 0.976758
 -0.939129
 1.026800
 1.054993
 0.994875
 -0.949855
 1.032345
 1.036424
 -0.991943
 1.070870
 0.998628
 1.064964
 0.999635
 1.065045
 0.999244